1,0,-1,

0, 1, 0,
-1, 0, 0,
0, 0, 1,



1,0,-1, 0, 1, 0, -1, 0, 0, 0, 0, 1,



0,1,0
1

    0.03971267098170684, 0.9918970952671597, -0.1206774882240642,0,
    -0.9687500449765725, 0.008626940516761661, -0.2478889393563347 ,0,
    -0.2448392413837844, 0.1267506540333845, 0.9612429545025136 ,0,
    0  ,0  ,0  ,1




-502.9079075591059;
 343.5636212051304;
 1221.15681796948
 




-502.9079075591059 ,  343.5636212051304,  1221.15681796948, 
0.03971267098170684, 0.9918970952671597, -0.1206774882240642,
-0.9687500449765725, 0.008626940516761661, -0.2478889393563347,
-0.2448392413837844, 0.1267506540333845, 0.9612429545025136,
] 
 
 
 
