%YAML:1.0
---
calibration_time: "Thu 27 May 2021 04:45:17 PM -05"
nr_of_frames: 11
image_width: 800
image_height: 600
board_width: 9
board_height: 6
square_size: 50.
fix_aspect_ratio: 1.
# flags: +fix_aspectRatio +fix_principal_point +zero_tangent_dist +fix_k4 +fix_k5
flags: 6158
fisheye_model: 0
camera_matrix: !!opencv-matrix
   rows: 3
   cols: 3
   dt: d
   data: [ 7.9466201207073732e+02, 0., 3.9950000000000000e+02, 0.,
       7.9466201207073732e+02, 2.9950000000000000e+02, 0., 0., 1. ]
distortion_coefficients: !!opencv-matrix
   rows: 5
   cols: 1
   dt: d
   data: [ 9.4346458800636968e-02, -4.6272885884666060e-01, 0., 0.,
       8.3402213639106804e-01 ]
avg_reprojection_error: 1.7798611386230781e-01
per_view_reprojection_errors: !!opencv-matrix
   rows: 11
   cols: 1
   dt: f
   data: [ 1.04418576e-01, 2.89812565e-01, 1.96826443e-01,
       1.82127103e-01, 2.55423576e-01, 1.52837455e-01, 1.06645316e-01,
       1.96902737e-01, 1.27878055e-01, 9.29288566e-02, 1.33907288e-01 ]
# a set of 6-tuples (rotation vector + translation vector) for each view
extrinsic_parameters: !!opencv-matrix
   rows: 11
   cols: 6
   dt: d
   data: [ -7.4368928691335767e-02, 1.9361127279288001e-02,
       6.4655652708579273e-02, -2.1848034022477481e+02,
       -1.9071457645189051e+02, 1.1018190212571567e+03,
       4.0838501364479821e-02, -3.1439848091350042e-01,
       1.2807725111341081e-01, -1.5885537663416764e+02,
       -1.2207852989922232e+02, 1.0518764282233535e+03,
       6.8867224516175940e-01, 3.8220638193751592e-02,
       8.9569079119363720e-03, -1.1728148204612038e+01,
       -2.7157390930330547e+02, 1.1765068523621044e+03,
       3.5921941244178579e-01, 2.8062122040762694e-01,
       9.5915968172688076e-02, -9.2636593535662854e+01,
       -1.4454083743339046e+02, 1.2002316383385030e+03,
       1.2313260614333162e-01, -5.0650657280111688e-01,
       -6.4956350656954973e-03, -4.5513963466202864e+02,
       -4.2603770401240631e+01, 1.3293828400153816e+03,
       5.0498037823991737e-01, -1.0361469626364897e-01,
       3.5145167594469662e-01, -4.4344435241017925e+02,
       4.6462664225317390e+01, 1.2038456617799807e+03,
       -4.0803069628147798e-01, 2.5425308346859760e-02,
       1.5509064453534921e-01, -5.7391117593807724e+02,
       -4.6729811619599769e+02, 1.6810912316243448e+03,
       9.5102850211416803e-02, 2.4395773085138369e-03,
       1.1070413518600931e-01, -2.4103220294846764e+02,
       -2.5449303682667755e+02, 1.1541999421284263e+03,
       3.2559136242561793e-01, 6.3830902253672592e-02,
       1.1077835374662215e-01, -1.2269632731955602e+02,
       5.3057418483954102e+01, 1.2851852320544447e+03,
       -4.0328965639776643e-01, 4.3986100664991347e-02,
       3.6028879879897897e-02, -1.9217619269186397e+02,
       -4.7195592135848443e+02, 1.7401579215998781e+03,
       2.2361705558882797e-01, -4.5729272350176731e-01,
       4.3959381771250527e-02, 2.1659686466258449e+02,
       -3.1327081024096236e+02, 1.1846030560835095e+03 ]
image_points: !!opencv-matrix
   rows: 11
   cols: 54
   dt: "2f"
   data: [ 2.41085022e+02, 1.61337311e+02, 2.77290009e+02,
       1.63637558e+02, 3.13397339e+02, 1.65989273e+02, 3.49564728e+02,
       1.68258560e+02, 3.85737213e+02, 1.70422440e+02, 4.21977081e+02,
       1.72563690e+02, 4.58367523e+02, 1.74719864e+02, 4.94785889e+02,
       1.76947983e+02, 5.31362183e+02, 1.79173813e+02, 2.38368362e+02,
       1.97126083e+02, 2.74569275e+02, 1.99413162e+02, 3.10791687e+02,
       2.01719681e+02, 3.47004761e+02, 2.04043365e+02, 3.83318695e+02,
       2.06302521e+02, 4.19640228e+02, 2.08482285e+02, 4.56169220e+02,
       2.10653671e+02, 4.92644562e+02, 2.12861450e+02, 5.29379456e+02,
       2.15187332e+02, 2.35524063e+02, 2.33068283e+02, 2.71818451e+02,
       2.35397278e+02, 3.08148834e+02, 2.37629654e+02, 3.44496857e+02,
       2.40035004e+02, 3.80817993e+02, 2.42360703e+02, 4.17373779e+02,
       2.44602432e+02, 4.53880371e+02, 2.46770767e+02, 4.90557648e+02,
       2.49072250e+02, 5.27348022e+02, 2.51342209e+02, 2.32608307e+02,
       2.69310974e+02, 2.68995270e+02, 2.71544525e+02, 3.05455811e+02,
       2.73778412e+02, 3.41920563e+02, 2.76200867e+02, 3.78455017e+02,
       2.78561646e+02, 4.15009705e+02, 2.80924713e+02, 4.51656525e+02,
       2.83236176e+02, 4.88435028e+02, 2.85466431e+02, 5.25287354e+02,
       2.87713165e+02, 2.29682571e+02, 3.05569214e+02, 2.66281158e+02,
       3.07901367e+02, 3.02770142e+02, 3.10252594e+02, 3.39449005e+02,
       3.12558685e+02, 3.76041412e+02, 3.14901520e+02, 4.12650421e+02,
       3.17402161e+02, 4.49456390e+02, 3.19723022e+02, 4.86254120e+02,
       3.22100281e+02, 5.23204468e+02, 3.24427734e+02, 2.26806961e+02,
       3.42180176e+02, 2.63485748e+02, 3.44500854e+02, 3.00189850e+02,
       3.46829285e+02, 3.36798096e+02, 3.49194733e+02, 3.73519135e+02,
       3.51575043e+02, 4.10291412e+02, 3.54059998e+02, 4.47111359e+02,
       3.56489349e+02, 4.84037079e+02, 3.58862976e+02, 5.21164734e+02,
       3.61313477e+02, 2.79070923e+02, 2.06881683e+02, 3.15968506e+02,
       2.12599487e+02, 3.51799286e+02, 2.18379776e+02, 3.86690521e+02,
       2.23653015e+02, 4.20495300e+02, 2.29166946e+02, 4.53626923e+02,
       2.34201263e+02, 4.85615570e+02, 2.39227081e+02, 5.17195068e+02,
       2.44159851e+02, 5.47711853e+02, 2.48727036e+02, 2.74461151e+02,
       2.44668869e+02, 3.11315399e+02, 2.49787582e+02, 3.47115234e+02,
       2.55024536e+02, 3.81829010e+02, 2.59857452e+02, 4.15842926e+02,
       2.64641724e+02, 4.48804840e+02, 2.69391510e+02, 4.81033966e+02,
       2.73772980e+02, 5.12401123e+02, 2.78382477e+02, 5.43097534e+02,
       2.82628754e+02, 2.69609253e+02, 2.82262512e+02, 3.06545166e+02,
       2.86781342e+02, 3.42359436e+02, 2.91509888e+02, 3.77303040e+02,
       2.95829193e+02, 4.11165649e+02, 3.00154053e+02, 4.44127594e+02,
       3.04411133e+02, 4.76420319e+02, 3.08493652e+02, 5.07624268e+02,
       3.12396454e+02, 5.38373169e+02, 3.16385864e+02, 2.64976929e+02,
       3.19688293e+02, 3.01843872e+02, 3.23751892e+02, 3.37727966e+02,
       3.27738281e+02, 3.72500275e+02, 3.31790070e+02, 4.06388794e+02,
       3.35485138e+02, 4.39486542e+02, 3.39295013e+02, 4.71531555e+02,
       3.42931488e+02, 5.03054077e+02, 3.46475037e+02, 5.33590881e+02,
       3.49803650e+02, 2.60363739e+02, 3.57019531e+02, 2.97289337e+02,
       3.60508789e+02, 3.32926178e+02, 3.63891083e+02, 3.67732056e+02,
       3.67473877e+02, 4.01714996e+02, 3.70789703e+02, 4.34718475e+02,
       3.73921326e+02, 4.66959930e+02, 3.77228882e+02, 4.98302948e+02,
       3.80374237e+02, 5.29130005e+02, 3.83410767e+02, 2.55583588e+02,
       3.94212219e+02, 2.92452332e+02, 3.97217834e+02, 3.28349731e+02,
       4.00122803e+02, 3.63283875e+02, 4.02985321e+02, 3.97023254e+02,
       4.05839600e+02, 4.30079865e+02, 4.08674835e+02, 4.62390656e+02,
       4.11418152e+02, 4.93712006e+02, 4.14055603e+02, 5.24377441e+02,
       4.16635284e+02, 3.91861908e+02, 1.15762596e+02, 4.25588989e+02,
       1.16116432e+02, 4.59455139e+02, 1.16417725e+02, 4.93507690e+02,
       1.16635567e+02, 5.27810547e+02, 1.16934029e+02, 5.62231506e+02,
       1.17258972e+02, 5.96836121e+02, 1.17527390e+02, 6.31556885e+02,
       1.17919991e+02, 6.66626831e+02, 1.18414955e+02, 3.92156494e+02,
       1.46096512e+02, 4.25070099e+02, 1.46457092e+02, 4.57892792e+02,
       1.46783127e+02, 4.91184631e+02, 1.47140961e+02, 5.24437439e+02,
       1.47473312e+02, 5.57950439e+02, 1.47840546e+02, 5.91654968e+02,
       1.48259598e+02, 6.25528503e+02, 1.48630768e+02, 6.59475098e+02,
       1.49086258e+02, 3.92510223e+02, 1.74748672e+02, 4.24462006e+02,
       1.75234558e+02, 4.56570312e+02, 1.75620285e+02, 4.88829834e+02,
       1.76074493e+02, 5.21292480e+02, 1.76460129e+02, 5.53863770e+02,
       1.76875061e+02, 5.86634155e+02, 1.77305161e+02, 6.19629333e+02,
       1.77812851e+02, 6.52853760e+02, 1.78327301e+02, 3.92721069e+02,
       2.02175095e+02, 4.23905792e+02, 2.02595657e+02, 4.55139008e+02,
